1 1000 80 1
3
1000

50
0.1 0.8 0.1

8

sphere
0.0 0.0 0.0
40.0
0.1 0.8 0.1
0.1 0.2 0.2 0.5
30

sphere
80 60 0
10.0
0.8 0.3 0.3
0.05 0.1 0.25 0.6
30

sphere
80 25 -90
13.0
0.0 0.7 0.9
0.05 0.3 0.25 0.4
30

sphere
50 10 0
10.0
0.8 0.3 0.9
0.05 0.3 0.25 0.4
10

sphere
140 69 -180
40.0
0.2 0.3 0.9
0.1 0.7 0.1 0.1
12

sphere
140 69 170
15.0
0.2 0.3 0.9
0.1 0.1 0.7 0.1
12

sphere
10 20 -90
20.0
0.9 0.8 0.0
0.1 0.5 0.3 0.1
12

sphere
90 35 60
35.0
0.9 0.0 0.9
0.1 0.3 0.5 0.1
30

2
40.0 100.0 -30.0
0.0000000002

100.0 20.0 -10.0
0.0000000002

2
300.0 300.0 150.0
0.000000002
0.0 0.0 0.0
60

300.0 300.0 -150.0
0.000000002
0.0 0.0 0.0
75

