1 1000 80 1
3
1000

50
0.1 0.8 0.1

1

sphere
50.0 20.0 -80.0
20.0
0.0 1.0 1.0
0.01 0.4 0.4 0.19
10

sphere
-50.0 30.0 70.0
30.0
1.0 0.0 1.0
0.15 0.15 0.5 0.2
30

pyramid
70.0 0.0 5.0
30.0 40.0
1.0 0.0 0.0
0.05 0.1 0.8 0.05
1

sphere
-50.0 30.0 -50.0
30.0
0.8 0.1 0.1
0.2 0.2 0.4 0.2
30

sphere
50.0 30.0 150.0
30.0
0.2 1.0 0.4
0.15 0.05 0.6 0.2
30


sphere
50.0 30.0 150.0
30.0
0.2 1.0 0.4
0.15 0.05 0.6 0.2
30

sphere
50.0 30.0 150.0
30.0
0.2 1.0 0.4
0.15 0.05 0.6 0.2
30

sphere
50.0 30.0 150.0
30.0
0.2 1.0 0.4
0.15 0.05 0.6 0.2
30

4
40.0 10.0 -30.0
0.0000000002

40.0 10.0 -30.0
0.0000000002

40.0 10.0 -30.0
0.0000000002

40.0 10.0 -30.0
0.0000000002

1
150.0 200.0 150.0
0.00000002
0.0 -1.0 0.0
30
